{
 "cells": [
  {
   "cell_type": "code",
   "execution_count": 1,
   "metadata": {},
   "outputs": [],
   "source": [
    "import numpy as np\n",
    "import pandas as pd\n",
    "from osgeo import gdal\n",
    "from scipy.optimize import curve_fit\n",
    "import os"
   ]
  },
  {
   "cell_type": "code",
   "execution_count": 2,
   "metadata": {},
   "outputs": [],
   "source": [
    "class Dataset:\n",
    "    def __init__(self, in_file):\n",
    "        self.in_file = in_file  # Tiff或者ENVI文件\n",
    "\n",
    "        dataset = gdal.Open(self.in_file)\n",
    "        self.XSize = dataset.RasterXSize  # 网格的X轴像素数量\n",
    "        self.YSize = dataset.RasterYSize  # 网格的Y轴像素数量\n",
    "        self.Bands = dataset.RasterCount  # 波段数\n",
    "        self.GeoTransform = dataset.GetGeoTransform()  # 投影转换信息\n",
    "        self.ProjectionInfo = dataset.GetProjection()  # 投影信息\n",
    "\n",
    "#     def get_data(self, band):\n",
    "#         #band: 读取第几个通道的数据\n",
    "#         dataset = gdal.Open(self.in_file)\n",
    "#         band = dataset.GetRasterBand(band)\n",
    "#         data = band.ReadAsArray()\n",
    "#         return data\n",
    "    \n",
    "    def get_data(self):\n",
    "        #band: 读取第几个通道的数据\n",
    "        dataset = gdal.Open(self.in_file)\n",
    "        data = dataset.ReadAsArray(0,0,self.XSize,self.YSize)\n",
    "        return data\n",
    "    \n",
    "\n",
    "    def get_lon_lat(self):\n",
    "        #获取经纬度信息\n",
    "        gtf = self.GeoTransform\n",
    "        x_range = range(0, self.XSize)\n",
    "        y_range = range(0, self.YSize)\n",
    "        x, y = np.meshgrid(x_range, y_range)\n",
    "        lon = gtf[0] + x * gtf[1] + y * gtf[2]\n",
    "        lat = gtf[3] + x * gtf[4] + y * gtf[5]\n",
    "        \n",
    "        lon_lat=[]\n",
    "        for (longitude,latitude) in zip(lon,lat):\n",
    "            lon_lat.append(list(zip(longitude,latitude)))\n",
    "            \n",
    "        return np.array(lon_lat)\n",
    "    \n",
    "    def new_dataset(self,data,lon_lat):\n",
    "        new_dataset=[]\n",
    "        for i in range(self.YSize):\n",
    "            for j in range(self.XSize):\n",
    "                x1 = lon_lat[i,j]\n",
    "                x2 = data[:,i,j]\n",
    "                x=np.hstack((x1,x2))\n",
    "                new_dataset.append(x)\n",
    "#         for (i,j) in zip(lon_lat[i,j],data[:,i,j]):\n",
    "#             new_dataset.append(list(zip(i,j)))\n",
    "            \n",
    "        return np.array(new_dataset)"
   ]
  },
  {
   "cell_type": "code",
   "execution_count": 3,
   "metadata": {},
   "outputs": [],
   "source": [
    "dir_path = r\"D:\\Desktop\\mypaper\\data\"\n",
    "filename = \"gee-EVI-108.tif\"\n",
    "file_path = os.path.join(dir_path, filename)\n",
    "dataset = Dataset(file_path)\n",
    "\n",
    "data = dataset.get_data( ) \n",
    "\n",
    "lon_lat = dataset.get_lon_lat()  # 获取经纬度信息longitude, latitude\n",
    "new_dataset=dataset.new_dataset(data,lon_lat)"
   ]
  },
  {
   "cell_type": "code",
   "execution_count": 4,
   "metadata": {},
   "outputs": [
    {
     "name": "stdout",
     "output_type": "stream",
     "text": [
      "(23, 13, 12)\n"
     ]
    }
   ],
   "source": [
    "print(data.shape)"
   ]
  },
  {
   "cell_type": "code",
   "execution_count": 5,
   "metadata": {},
   "outputs": [],
   "source": [
    "def my_Func(x, p):\n",
    "    m1=p[0,:,:]\n",
    "    m2=p[1,:,:]\n",
    "    m3=p[2,:,:]\n",
    "    m4=p[3,:,:]\n",
    "    m5=p[4,:,:]\n",
    "    m6=p[5,:,:]\n",
    "    return m1 + m2 /(1 + np.exp(-m3 * (x-m4))) - m2/(1 + np.exp(-m5 * (x-m6)))"
   ]
  },
  {
   "cell_type": "code",
   "execution_count": 6,
   "metadata": {},
   "outputs": [
    {
     "name": "stdout",
     "output_type": "stream",
     "text": [
      "23 13 12\n"
     ]
    }
   ],
   "source": [
    "xdim=data.shape[0]\n",
    "ydim=data.shape[1]\n",
    "zdim=data.shape[2]\n",
    "print(xdim,ydim,zdim)"
   ]
  },
  {
   "cell_type": "code",
   "execution_count": 7,
   "metadata": {},
   "outputs": [
    {
     "name": "stdout",
     "output_type": "stream",
     "text": [
      "(6, 13, 12)\n",
      "(23, 13, 12)\n"
     ]
    }
   ],
   "source": [
    "pInput=[10,40,0.1,100,0.1,240]\n",
    "pData=np.repeat([np.repeat([pInput],\\\n",
    "                           zdim,axis=0)],ydim,axis=0).transpose(2,0,1)\n",
    "print(pData.shape)\n",
    "xInput=np.linspace(9, 361, 23)\n",
    "xData=np.repeat([np.repeat([xInput],\\\n",
    "                           zdim,axis=0)],ydim,axis=0).transpose(2,0,1)\n",
    "print(xData.shape)"
   ]
  },
  {
   "cell_type": "code",
   "execution_count": 8,
   "metadata": {},
   "outputs": [],
   "source": [
    "def cal_residual(xData,obs_data,pData):\n",
    "    y=my_Func(xData,pData)\n",
    "    residual=obs_data-y\n",
    "    return residual"
   ]
  },
  {
   "cell_type": "code",
   "execution_count": 9,
   "metadata": {
    "scrolled": true
   },
   "outputs": [
    {
     "data": {
      "text/plain": [
       "array([[[2537.99553387, 2537.99553387, 2554.99553387, ...,\n",
       "         1961.99553387, 2381.99553387, 2381.99553387],\n",
       "        [2367.99553387, 2367.99553387, 3057.99553387, ...,\n",
       "         2507.99553387, 2257.99553387, 2257.99553387],\n",
       "        [2981.99553387, 2981.99553387, 2813.99553387, ...,\n",
       "         2421.99553387, 2480.99553387, 2480.99553387],\n",
       "        ...,\n",
       "        [2568.99553387, 2568.99553387, 2791.99553387, ...,\n",
       "         3823.99553387, 2301.99553387, 2370.99553387],\n",
       "        [2672.99553387, 2724.99553387, 2724.99553387, ...,\n",
       "         3594.99553387, 2112.99553387, 2198.99553387],\n",
       "        [2999.99553387, 2354.99553387, 2354.99553387, ...,\n",
       "         2349.99553387, 2232.99553387, 1888.99553387]],\n",
       "\n",
       "       [[1387.97788887, 1387.97788887, 1484.97788887, ...,\n",
       "         1580.97788887, 1297.97788887, 1297.97788887],\n",
       "        [1489.97788887, 1489.97788887, 1680.97788887, ...,\n",
       "         1371.97788887, 1332.97788887, 1332.97788887],\n",
       "        [1954.97788887, 1954.97788887, 1661.97788887, ...,\n",
       "         1370.97788887, 1308.97788887, 1308.97788887],\n",
       "        ...,\n",
       "        [1319.97788887, 1319.97788887, 1301.97788887, ...,\n",
       "         2209.97788887, 2561.97788887, 3281.97788887],\n",
       "        [1387.97788887, 1472.97788887, 1472.97788887, ...,\n",
       "         2056.97788887, 1958.97788887, 1787.97788887],\n",
       "        [1632.97788887, 1278.97788887, 1278.97788887, ...,\n",
       "         2693.97788887, 1728.97788887, 1493.97788887]],\n",
       "\n",
       "       [[2510.89072166, 2510.89072166, 1320.89072166, ...,\n",
       "         1905.89072166, 1165.89072166, 1165.89072166],\n",
       "        [2758.89072166, 2758.89072166, 2708.89072166, ...,\n",
       "         2160.89072166,  817.89072166,  817.89072166],\n",
       "        [3220.89072166, 3220.89072166, 2125.89072166, ...,\n",
       "         2333.89072166, 2171.89072166, 2171.89072166],\n",
       "        ...,\n",
       "        [ 965.89072166,  965.89072166, 1336.89072166, ...,\n",
       "         3190.89072166, 3591.89072166, 2518.89072166],\n",
       "        [2863.89072166, 2799.89072166, 2799.89072166, ...,\n",
       "         2819.89072166, 2909.89072166, 1829.89072166],\n",
       "        [1899.89072166, 1383.89072166, 1383.89072166, ...,\n",
       "         3384.89072166, 3318.89072166, 3049.89072166]],\n",
       "\n",
       "       ...,\n",
       "\n",
       "       [[1880.99454519, 1880.99454519, 2119.99454519, ...,\n",
       "         1634.99454519, 1747.99454519, 1747.99454519],\n",
       "        [2180.99454519, 2180.99454519, 2408.99454519, ...,\n",
       "         1839.99454519, 1992.99454519, 1992.99454519],\n",
       "        [2368.99454519, 2368.99454519, 2282.99454519, ...,\n",
       "         1854.99454519, 1828.99454519, 1828.99454519],\n",
       "        ...,\n",
       "        [2137.99454519, 2137.99454519, 1925.99454519, ...,\n",
       "         2210.99454519, 2547.99454519, 2383.99454519],\n",
       "        [2339.99454519, 1941.99454519, 1941.99454519, ...,\n",
       "         1967.99454519, 1781.99454519, 1675.99454519],\n",
       "        [2470.99454519, 1928.99454519, 1928.99454519, ...,\n",
       "         2168.99454519, 1922.99454519, 2223.99454519]],\n",
       "\n",
       "       [[1567.99889857, 1567.99889857, 2100.99889857, ...,\n",
       "         1525.99889857, 1636.99889857, 1636.99889857],\n",
       "        [1903.99889857, 1903.99889857, 1915.99889857, ...,\n",
       "         1593.99889857, 1664.99889857, 1664.99889857],\n",
       "        [1874.99889857, 1874.99889857, 2034.99889857, ...,\n",
       "         1521.99889857, 1678.99889857, 1678.99889857],\n",
       "        ...,\n",
       "        [1792.99889857, 1792.99889857, 1912.99889857, ...,\n",
       "         2050.99889857, 2144.99889857, 2115.99889857],\n",
       "        [1996.99889857, 1874.99889857, 1874.99889857, ...,\n",
       "         1840.99889857, 1808.99889857, 1783.99889857],\n",
       "        [1947.99889857, 1818.99889857, 1818.99889857, ...,\n",
       "         1993.99889857, 1956.99889857, 1763.99889857]],\n",
       "\n",
       "       [[1876.99977762, 1876.99977762, 2057.99977762, ...,\n",
       "         1653.99977762, 1637.99977762, 1637.99977762],\n",
       "        [1814.99977762, 1814.99977762, 2366.99977762, ...,\n",
       "         1967.99977762, 1748.99977762, 1748.99977762],\n",
       "        [1921.99977762, 1921.99977762, 1937.99977762, ...,\n",
       "         1912.99977762, 1780.99977762, 1780.99977762],\n",
       "        ...,\n",
       "        [1737.99977762, 1737.99977762, 1981.99977762, ...,\n",
       "         2137.99977762, 2349.99977762, 2409.99977762],\n",
       "        [2011.99977762, 1930.99977762, 1930.99977762, ...,\n",
       "         1844.99977762, 1902.99977762, 1750.99977762],\n",
       "        [2249.99977762, 1826.99977762, 1826.99977762, ...,\n",
       "         2130.99977762, 2138.99977762, 1962.99977762]]])"
      ]
     },
     "execution_count": 9,
     "metadata": {},
     "output_type": "execute_result"
    }
   ],
   "source": [
    "cal_residual(xData,data,pData)"
   ]
  },
  {
   "cell_type": "code",
   "execution_count": 10,
   "metadata": {},
   "outputs": [],
   "source": [
    "def cal_Jacobian(xData,pData):\n",
    "    xdim_p=pData.shape[0]\n",
    "    ydim_p=pData.shape[1]\n",
    "    zdim_p=pData.shape[2]\n",
    "    mdim_xData=xData.shape[0]\n",
    "    J = np.zeros((mdim_xData,ydim_p,zdim_p,xdim_p))\n",
    "    \n",
    "    for i in range(xdim_p):\n",
    "        param1=pData.copy()\n",
    "        param2=pData.copy()\n",
    "        param1[i,:,:]+=0.000001\n",
    "        param2[i,:,:]-=0.000001\n",
    "        y1=my_Func(xData,param1)\n",
    "        y2=my_Func(xData,param2)\n",
    "        slope=(y1-y2)/0.000002\n",
    "        J[:,:,:,i]=slope\n",
    "    return J"
   ]
  },
  {
   "cell_type": "code",
   "execution_count": null,
   "metadata": {},
   "outputs": [],
   "source": []
  },
  {
   "cell_type": "code",
   "execution_count": 11,
   "metadata": {
    "scrolled": true
   },
   "outputs": [
    {
     "name": "stdout",
     "output_type": "stream",
     "text": [
      "(23, 13, 12, 6)\n",
      "(13, 12, 6, 6)\n",
      "[[[[ 2.29999999e+01  8.75001532e+00  2.69804344e-01 -2.49967992e+00\n",
      "     6.77187798e-02  2.49949441e+00]\n",
      "   [ 8.75001532e+00  7.50023630e+00  1.25158834e+02 -1.25085106e+00\n",
      "     1.25267918e+02  1.25012960e+00]\n",
      "   [ 2.69804344e-01  1.25158834e+02  2.16254376e+04 -1.31829641e+00\n",
      "     3.47455175e+01  6.98511130e-02]\n",
      "   [-2.49967992e+00 -1.25085106e+00 -1.31829641e+00  1.66439942e+00\n",
      "    -6.98499336e-02 -9.97835058e-05]\n",
      "   [ 6.77187798e-02  1.25267918e+02  3.47455175e+01 -6.98499336e-02\n",
      "     2.18059286e+04  5.46029761e-01]\n",
      "   [ 2.49949441e+00  1.25012960e+00  6.98511130e-02 -9.97835058e-05\n",
      "     5.46029761e-01  1.66119353e+00]]\n",
      "\n",
      "  [[ 2.29999999e+01  8.75001532e+00  2.69804344e-01 -2.49967992e+00\n",
      "     6.77187798e-02  2.49949441e+00]\n",
      "   [ 8.75001532e+00  7.50023630e+00  1.25158834e+02 -1.25085106e+00\n",
      "     1.25267918e+02  1.25012960e+00]\n",
      "   [ 2.69804344e-01  1.25158834e+02  2.16254376e+04 -1.31829641e+00\n",
      "     3.47455175e+01  6.98511130e-02]\n",
      "   [-2.49967992e+00 -1.25085106e+00 -1.31829641e+00  1.66439942e+00\n",
      "    -6.98499336e-02 -9.97835058e-05]\n",
      "   [ 6.77187798e-02  1.25267918e+02  3.47455175e+01 -6.98499336e-02\n",
      "     2.18059286e+04  5.46029761e-01]\n",
      "   [ 2.49949441e+00  1.25012960e+00  6.98511130e-02 -9.97835058e-05\n",
      "     5.46029761e-01  1.66119353e+00]]\n",
      "\n",
      "  [[ 2.29999999e+01  8.75001532e+00  2.69804344e-01 -2.49967992e+00\n",
      "     6.77187798e-02  2.49949441e+00]\n",
      "   [ 8.75001532e+00  7.50023630e+00  1.25158834e+02 -1.25085106e+00\n",
      "     1.25267918e+02  1.25012960e+00]\n",
      "   [ 2.69804344e-01  1.25158834e+02  2.16254376e+04 -1.31829641e+00\n",
      "     3.47455175e+01  6.98511130e-02]\n",
      "   [-2.49967992e+00 -1.25085106e+00 -1.31829641e+00  1.66439942e+00\n",
      "    -6.98499336e-02 -9.97835058e-05]\n",
      "   [ 6.77187798e-02  1.25267918e+02  3.47455175e+01 -6.98499336e-02\n",
      "     2.18059286e+04  5.46029761e-01]\n",
      "   [ 2.49949441e+00  1.25012960e+00  6.98511130e-02 -9.97835058e-05\n",
      "     5.46029761e-01  1.66119353e+00]]\n",
      "\n",
      "  ...\n",
      "\n",
      "  [[ 2.29999999e+01  8.75001532e+00  2.69804344e-01 -2.49967992e+00\n",
      "     6.77187798e-02  2.49949441e+00]\n",
      "   [ 8.75001532e+00  7.50023630e+00  1.25158834e+02 -1.25085106e+00\n",
      "     1.25267918e+02  1.25012960e+00]\n",
      "   [ 2.69804344e-01  1.25158834e+02  2.16254376e+04 -1.31829641e+00\n",
      "     3.47455175e+01  6.98511130e-02]\n",
      "   [-2.49967992e+00 -1.25085106e+00 -1.31829641e+00  1.66439942e+00\n",
      "    -6.98499336e-02 -9.97835058e-05]\n",
      "   [ 6.77187798e-02  1.25267918e+02  3.47455175e+01 -6.98499336e-02\n",
      "     2.18059286e+04  5.46029761e-01]\n",
      "   [ 2.49949441e+00  1.25012960e+00  6.98511130e-02 -9.97835058e-05\n",
      "     5.46029761e-01  1.66119353e+00]]\n",
      "\n",
      "  [[ 2.29999999e+01  8.75001532e+00  2.69804344e-01 -2.49967992e+00\n",
      "     6.77187798e-02  2.49949441e+00]\n",
      "   [ 8.75001532e+00  7.50023630e+00  1.25158834e+02 -1.25085106e+00\n",
      "     1.25267918e+02  1.25012960e+00]\n",
      "   [ 2.69804344e-01  1.25158834e+02  2.16254376e+04 -1.31829641e+00\n",
      "     3.47455175e+01  6.98511130e-02]\n",
      "   [-2.49967992e+00 -1.25085106e+00 -1.31829641e+00  1.66439942e+00\n",
      "    -6.98499336e-02 -9.97835058e-05]\n",
      "   [ 6.77187798e-02  1.25267918e+02  3.47455175e+01 -6.98499336e-02\n",
      "     2.18059286e+04  5.46029761e-01]\n",
      "   [ 2.49949441e+00  1.25012960e+00  6.98511130e-02 -9.97835058e-05\n",
      "     5.46029761e-01  1.66119353e+00]]\n",
      "\n",
      "  [[ 2.29999999e+01  8.75001532e+00  2.69804344e-01 -2.49967992e+00\n",
      "     6.77187798e-02  2.49949441e+00]\n",
      "   [ 8.75001532e+00  7.50023630e+00  1.25158834e+02 -1.25085106e+00\n",
      "     1.25267918e+02  1.25012960e+00]\n",
      "   [ 2.69804344e-01  1.25158834e+02  2.16254376e+04 -1.31829641e+00\n",
      "     3.47455175e+01  6.98511130e-02]\n",
      "   [-2.49967992e+00 -1.25085106e+00 -1.31829641e+00  1.66439942e+00\n",
      "    -6.98499336e-02 -9.97835058e-05]\n",
      "   [ 6.77187798e-02  1.25267918e+02  3.47455175e+01 -6.98499336e-02\n",
      "     2.18059286e+04  5.46029761e-01]\n",
      "   [ 2.49949441e+00  1.25012960e+00  6.98511130e-02 -9.97835058e-05\n",
      "     5.46029761e-01  1.66119353e+00]]]\n",
      "\n",
      "\n",
      " [[[ 2.29999999e+01  8.75001532e+00  2.69804344e-01 -2.49967992e+00\n",
      "     6.77187798e-02  2.49949441e+00]\n",
      "   [ 8.75001532e+00  7.50023630e+00  1.25158834e+02 -1.25085106e+00\n",
      "     1.25267918e+02  1.25012960e+00]\n",
      "   [ 2.69804344e-01  1.25158834e+02  2.16254376e+04 -1.31829641e+00\n",
      "     3.47455175e+01  6.98511130e-02]\n",
      "   [-2.49967992e+00 -1.25085106e+00 -1.31829641e+00  1.66439942e+00\n",
      "    -6.98499336e-02 -9.97835058e-05]\n",
      "   [ 6.77187798e-02  1.25267918e+02  3.47455175e+01 -6.98499336e-02\n",
      "     2.18059286e+04  5.46029761e-01]\n",
      "   [ 2.49949441e+00  1.25012960e+00  6.98511130e-02 -9.97835058e-05\n",
      "     5.46029761e-01  1.66119353e+00]]\n",
      "\n",
      "  [[ 2.29999999e+01  8.75001532e+00  2.69804344e-01 -2.49967992e+00\n",
      "     6.77187798e-02  2.49949441e+00]\n",
      "   [ 8.75001532e+00  7.50023630e+00  1.25158834e+02 -1.25085106e+00\n",
      "     1.25267918e+02  1.25012960e+00]\n",
      "   [ 2.69804344e-01  1.25158834e+02  2.16254376e+04 -1.31829641e+00\n",
      "     3.47455175e+01  6.98511130e-02]\n",
      "   [-2.49967992e+00 -1.25085106e+00 -1.31829641e+00  1.66439942e+00\n",
      "    -6.98499336e-02 -9.97835058e-05]\n",
      "   [ 6.77187798e-02  1.25267918e+02  3.47455175e+01 -6.98499336e-02\n",
      "     2.18059286e+04  5.46029761e-01]\n",
      "   [ 2.49949441e+00  1.25012960e+00  6.98511130e-02 -9.97835058e-05\n",
      "     5.46029761e-01  1.66119353e+00]]\n",
      "\n",
      "  [[ 2.29999999e+01  8.75001532e+00  2.69804344e-01 -2.49967992e+00\n",
      "     6.77187798e-02  2.49949441e+00]\n",
      "   [ 8.75001532e+00  7.50023630e+00  1.25158834e+02 -1.25085106e+00\n",
      "     1.25267918e+02  1.25012960e+00]\n",
      "   [ 2.69804344e-01  1.25158834e+02  2.16254376e+04 -1.31829641e+00\n",
      "     3.47455175e+01  6.98511130e-02]\n",
      "   [-2.49967992e+00 -1.25085106e+00 -1.31829641e+00  1.66439942e+00\n",
      "    -6.98499336e-02 -9.97835058e-05]\n",
      "   [ 6.77187798e-02  1.25267918e+02  3.47455175e+01 -6.98499336e-02\n",
      "     2.18059286e+04  5.46029761e-01]\n",
      "   [ 2.49949441e+00  1.25012960e+00  6.98511130e-02 -9.97835058e-05\n",
      "     5.46029761e-01  1.66119353e+00]]\n",
      "\n",
      "  ...\n",
      "\n",
      "  [[ 2.29999999e+01  8.75001532e+00  2.69804344e-01 -2.49967992e+00\n",
      "     6.77187798e-02  2.49949441e+00]\n",
      "   [ 8.75001532e+00  7.50023630e+00  1.25158834e+02 -1.25085106e+00\n",
      "     1.25267918e+02  1.25012960e+00]\n",
      "   [ 2.69804344e-01  1.25158834e+02  2.16254376e+04 -1.31829641e+00\n",
      "     3.47455175e+01  6.98511130e-02]\n",
      "   [-2.49967992e+00 -1.25085106e+00 -1.31829641e+00  1.66439942e+00\n",
      "    -6.98499336e-02 -9.97835058e-05]\n",
      "   [ 6.77187798e-02  1.25267918e+02  3.47455175e+01 -6.98499336e-02\n",
      "     2.18059286e+04  5.46029761e-01]\n",
      "   [ 2.49949441e+00  1.25012960e+00  6.98511130e-02 -9.97835058e-05\n",
      "     5.46029761e-01  1.66119353e+00]]\n",
      "\n",
      "  [[ 2.29999999e+01  8.75001532e+00  2.69804344e-01 -2.49967992e+00\n",
      "     6.77187798e-02  2.49949441e+00]\n",
      "   [ 8.75001532e+00  7.50023630e+00  1.25158834e+02 -1.25085106e+00\n",
      "     1.25267918e+02  1.25012960e+00]\n",
      "   [ 2.69804344e-01  1.25158834e+02  2.16254376e+04 -1.31829641e+00\n",
      "     3.47455175e+01  6.98511130e-02]\n",
      "   [-2.49967992e+00 -1.25085106e+00 -1.31829641e+00  1.66439942e+00\n",
      "    -6.98499336e-02 -9.97835058e-05]\n",
      "   [ 6.77187798e-02  1.25267918e+02  3.47455175e+01 -6.98499336e-02\n",
      "     2.18059286e+04  5.46029761e-01]\n",
      "   [ 2.49949441e+00  1.25012960e+00  6.98511130e-02 -9.97835058e-05\n",
      "     5.46029761e-01  1.66119353e+00]]\n",
      "\n",
      "  [[ 2.29999999e+01  8.75001532e+00  2.69804344e-01 -2.49967992e+00\n",
      "     6.77187798e-02  2.49949441e+00]\n",
      "   [ 8.75001532e+00  7.50023630e+00  1.25158834e+02 -1.25085106e+00\n",
      "     1.25267918e+02  1.25012960e+00]\n",
      "   [ 2.69804344e-01  1.25158834e+02  2.16254376e+04 -1.31829641e+00\n",
      "     3.47455175e+01  6.98511130e-02]\n",
      "   [-2.49967992e+00 -1.25085106e+00 -1.31829641e+00  1.66439942e+00\n",
      "    -6.98499336e-02 -9.97835058e-05]\n",
      "   [ 6.77187798e-02  1.25267918e+02  3.47455175e+01 -6.98499336e-02\n",
      "     2.18059286e+04  5.46029761e-01]\n",
      "   [ 2.49949441e+00  1.25012960e+00  6.98511130e-02 -9.97835058e-05\n",
      "     5.46029761e-01  1.66119353e+00]]]\n",
      "\n",
      "\n",
      " [[[ 2.29999999e+01  8.75001532e+00  2.69804344e-01 -2.49967992e+00\n",
      "     6.77187798e-02  2.49949441e+00]\n",
      "   [ 8.75001532e+00  7.50023630e+00  1.25158834e+02 -1.25085106e+00\n",
      "     1.25267918e+02  1.25012960e+00]\n",
      "   [ 2.69804344e-01  1.25158834e+02  2.16254376e+04 -1.31829641e+00\n",
      "     3.47455175e+01  6.98511130e-02]\n",
      "   [-2.49967992e+00 -1.25085106e+00 -1.31829641e+00  1.66439942e+00\n",
      "    -6.98499336e-02 -9.97835058e-05]\n",
      "   [ 6.77187798e-02  1.25267918e+02  3.47455175e+01 -6.98499336e-02\n",
      "     2.18059286e+04  5.46029761e-01]\n",
      "   [ 2.49949441e+00  1.25012960e+00  6.98511130e-02 -9.97835058e-05\n",
      "     5.46029761e-01  1.66119353e+00]]\n",
      "\n",
      "  [[ 2.29999999e+01  8.75001532e+00  2.69804344e-01 -2.49967992e+00\n",
      "     6.77187798e-02  2.49949441e+00]\n",
      "   [ 8.75001532e+00  7.50023630e+00  1.25158834e+02 -1.25085106e+00\n",
      "     1.25267918e+02  1.25012960e+00]\n",
      "   [ 2.69804344e-01  1.25158834e+02  2.16254376e+04 -1.31829641e+00\n",
      "     3.47455175e+01  6.98511130e-02]\n",
      "   [-2.49967992e+00 -1.25085106e+00 -1.31829641e+00  1.66439942e+00\n",
      "    -6.98499336e-02 -9.97835058e-05]\n",
      "   [ 6.77187798e-02  1.25267918e+02  3.47455175e+01 -6.98499336e-02\n",
      "     2.18059286e+04  5.46029761e-01]\n",
      "   [ 2.49949441e+00  1.25012960e+00  6.98511130e-02 -9.97835058e-05\n",
      "     5.46029761e-01  1.66119353e+00]]\n",
      "\n",
      "  [[ 2.29999999e+01  8.75001532e+00  2.69804344e-01 -2.49967992e+00\n",
      "     6.77187798e-02  2.49949441e+00]\n",
      "   [ 8.75001532e+00  7.50023630e+00  1.25158834e+02 -1.25085106e+00\n",
      "     1.25267918e+02  1.25012960e+00]\n",
      "   [ 2.69804344e-01  1.25158834e+02  2.16254376e+04 -1.31829641e+00\n",
      "     3.47455175e+01  6.98511130e-02]\n",
      "   [-2.49967992e+00 -1.25085106e+00 -1.31829641e+00  1.66439942e+00\n",
      "    -6.98499336e-02 -9.97835058e-05]\n",
      "   [ 6.77187798e-02  1.25267918e+02  3.47455175e+01 -6.98499336e-02\n",
      "     2.18059286e+04  5.46029761e-01]\n",
      "   [ 2.49949441e+00  1.25012960e+00  6.98511130e-02 -9.97835058e-05\n",
      "     5.46029761e-01  1.66119353e+00]]\n",
      "\n",
      "  ...\n",
      "\n",
      "  [[ 2.29999999e+01  8.75001532e+00  2.69804344e-01 -2.49967992e+00\n",
      "     6.77187798e-02  2.49949441e+00]\n",
      "   [ 8.75001532e+00  7.50023630e+00  1.25158834e+02 -1.25085106e+00\n",
      "     1.25267918e+02  1.25012960e+00]\n",
      "   [ 2.69804344e-01  1.25158834e+02  2.16254376e+04 -1.31829641e+00\n",
      "     3.47455175e+01  6.98511130e-02]\n",
      "   [-2.49967992e+00 -1.25085106e+00 -1.31829641e+00  1.66439942e+00\n",
      "    -6.98499336e-02 -9.97835058e-05]\n",
      "   [ 6.77187798e-02  1.25267918e+02  3.47455175e+01 -6.98499336e-02\n",
      "     2.18059286e+04  5.46029761e-01]\n",
      "   [ 2.49949441e+00  1.25012960e+00  6.98511130e-02 -9.97835058e-05\n",
      "     5.46029761e-01  1.66119353e+00]]\n",
      "\n",
      "  [[ 2.29999999e+01  8.75001532e+00  2.69804344e-01 -2.49967992e+00\n",
      "     6.77187798e-02  2.49949441e+00]\n",
      "   [ 8.75001532e+00  7.50023630e+00  1.25158834e+02 -1.25085106e+00\n",
      "     1.25267918e+02  1.25012960e+00]\n",
      "   [ 2.69804344e-01  1.25158834e+02  2.16254376e+04 -1.31829641e+00\n",
      "     3.47455175e+01  6.98511130e-02]\n",
      "   [-2.49967992e+00 -1.25085106e+00 -1.31829641e+00  1.66439942e+00\n",
      "    -6.98499336e-02 -9.97835058e-05]\n",
      "   [ 6.77187798e-02  1.25267918e+02  3.47455175e+01 -6.98499336e-02\n",
      "     2.18059286e+04  5.46029761e-01]\n",
      "   [ 2.49949441e+00  1.25012960e+00  6.98511130e-02 -9.97835058e-05\n",
      "     5.46029761e-01  1.66119353e+00]]\n",
      "\n",
      "  [[ 2.29999999e+01  8.75001532e+00  2.69804344e-01 -2.49967992e+00\n",
      "     6.77187798e-02  2.49949441e+00]\n",
      "   [ 8.75001532e+00  7.50023630e+00  1.25158834e+02 -1.25085106e+00\n",
      "     1.25267918e+02  1.25012960e+00]\n",
      "   [ 2.69804344e-01  1.25158834e+02  2.16254376e+04 -1.31829641e+00\n",
      "     3.47455175e+01  6.98511130e-02]\n",
      "   [-2.49967992e+00 -1.25085106e+00 -1.31829641e+00  1.66439942e+00\n",
      "    -6.98499336e-02 -9.97835058e-05]\n",
      "   [ 6.77187798e-02  1.25267918e+02  3.47455175e+01 -6.98499336e-02\n",
      "     2.18059286e+04  5.46029761e-01]\n",
      "   [ 2.49949441e+00  1.25012960e+00  6.98511130e-02 -9.97835058e-05\n",
      "     5.46029761e-01  1.66119353e+00]]]\n",
      "\n",
      "\n",
      " ...\n",
      "\n",
      "\n",
      " [[[ 2.29999999e+01  8.75001532e+00  2.69804344e-01 -2.49967992e+00\n",
      "     6.77187798e-02  2.49949441e+00]\n",
      "   [ 8.75001532e+00  7.50023630e+00  1.25158834e+02 -1.25085106e+00\n",
      "     1.25267918e+02  1.25012960e+00]\n",
      "   [ 2.69804344e-01  1.25158834e+02  2.16254376e+04 -1.31829641e+00\n",
      "     3.47455175e+01  6.98511130e-02]\n",
      "   [-2.49967992e+00 -1.25085106e+00 -1.31829641e+00  1.66439942e+00\n",
      "    -6.98499336e-02 -9.97835058e-05]\n",
      "   [ 6.77187798e-02  1.25267918e+02  3.47455175e+01 -6.98499336e-02\n",
      "     2.18059286e+04  5.46029761e-01]\n",
      "   [ 2.49949441e+00  1.25012960e+00  6.98511130e-02 -9.97835058e-05\n",
      "     5.46029761e-01  1.66119353e+00]]\n",
      "\n",
      "  [[ 2.29999999e+01  8.75001532e+00  2.69804344e-01 -2.49967992e+00\n",
      "     6.77187798e-02  2.49949441e+00]\n",
      "   [ 8.75001532e+00  7.50023630e+00  1.25158834e+02 -1.25085106e+00\n",
      "     1.25267918e+02  1.25012960e+00]\n",
      "   [ 2.69804344e-01  1.25158834e+02  2.16254376e+04 -1.31829641e+00\n",
      "     3.47455175e+01  6.98511130e-02]\n",
      "   [-2.49967992e+00 -1.25085106e+00 -1.31829641e+00  1.66439942e+00\n",
      "    -6.98499336e-02 -9.97835058e-05]\n",
      "   [ 6.77187798e-02  1.25267918e+02  3.47455175e+01 -6.98499336e-02\n",
      "     2.18059286e+04  5.46029761e-01]\n",
      "   [ 2.49949441e+00  1.25012960e+00  6.98511130e-02 -9.97835058e-05\n",
      "     5.46029761e-01  1.66119353e+00]]\n",
      "\n",
      "  [[ 2.29999999e+01  8.75001532e+00  2.69804344e-01 -2.49967992e+00\n",
      "     6.77187798e-02  2.49949441e+00]\n",
      "   [ 8.75001532e+00  7.50023630e+00  1.25158834e+02 -1.25085106e+00\n",
      "     1.25267918e+02  1.25012960e+00]\n",
      "   [ 2.69804344e-01  1.25158834e+02  2.16254376e+04 -1.31829641e+00\n",
      "     3.47455175e+01  6.98511130e-02]\n",
      "   [-2.49967992e+00 -1.25085106e+00 -1.31829641e+00  1.66439942e+00\n",
      "    -6.98499336e-02 -9.97835058e-05]\n",
      "   [ 6.77187798e-02  1.25267918e+02  3.47455175e+01 -6.98499336e-02\n",
      "     2.18059286e+04  5.46029761e-01]\n",
      "   [ 2.49949441e+00  1.25012960e+00  6.98511130e-02 -9.97835058e-05\n",
      "     5.46029761e-01  1.66119353e+00]]\n",
      "\n",
      "  ...\n",
      "\n",
      "  [[ 2.29999999e+01  8.75001532e+00  2.69804344e-01 -2.49967992e+00\n",
      "     6.77187798e-02  2.49949441e+00]\n",
      "   [ 8.75001532e+00  7.50023630e+00  1.25158834e+02 -1.25085106e+00\n",
      "     1.25267918e+02  1.25012960e+00]\n",
      "   [ 2.69804344e-01  1.25158834e+02  2.16254376e+04 -1.31829641e+00\n",
      "     3.47455175e+01  6.98511130e-02]\n",
      "   [-2.49967992e+00 -1.25085106e+00 -1.31829641e+00  1.66439942e+00\n",
      "    -6.98499336e-02 -9.97835058e-05]\n",
      "   [ 6.77187798e-02  1.25267918e+02  3.47455175e+01 -6.98499336e-02\n",
      "     2.18059286e+04  5.46029761e-01]\n",
      "   [ 2.49949441e+00  1.25012960e+00  6.98511130e-02 -9.97835058e-05\n",
      "     5.46029761e-01  1.66119353e+00]]\n",
      "\n",
      "  [[ 2.29999999e+01  8.75001532e+00  2.69804344e-01 -2.49967992e+00\n",
      "     6.77187798e-02  2.49949441e+00]\n",
      "   [ 8.75001532e+00  7.50023630e+00  1.25158834e+02 -1.25085106e+00\n",
      "     1.25267918e+02  1.25012960e+00]\n",
      "   [ 2.69804344e-01  1.25158834e+02  2.16254376e+04 -1.31829641e+00\n",
      "     3.47455175e+01  6.98511130e-02]\n",
      "   [-2.49967992e+00 -1.25085106e+00 -1.31829641e+00  1.66439942e+00\n",
      "    -6.98499336e-02 -9.97835058e-05]\n",
      "   [ 6.77187798e-02  1.25267918e+02  3.47455175e+01 -6.98499336e-02\n",
      "     2.18059286e+04  5.46029761e-01]\n",
      "   [ 2.49949441e+00  1.25012960e+00  6.98511130e-02 -9.97835058e-05\n",
      "     5.46029761e-01  1.66119353e+00]]\n",
      "\n",
      "  [[ 2.29999999e+01  8.75001532e+00  2.69804344e-01 -2.49967992e+00\n",
      "     6.77187798e-02  2.49949441e+00]\n",
      "   [ 8.75001532e+00  7.50023630e+00  1.25158834e+02 -1.25085106e+00\n",
      "     1.25267918e+02  1.25012960e+00]\n",
      "   [ 2.69804344e-01  1.25158834e+02  2.16254376e+04 -1.31829641e+00\n",
      "     3.47455175e+01  6.98511130e-02]\n",
      "   [-2.49967992e+00 -1.25085106e+00 -1.31829641e+00  1.66439942e+00\n",
      "    -6.98499336e-02 -9.97835058e-05]\n",
      "   [ 6.77187798e-02  1.25267918e+02  3.47455175e+01 -6.98499336e-02\n",
      "     2.18059286e+04  5.46029761e-01]\n",
      "   [ 2.49949441e+00  1.25012960e+00  6.98511130e-02 -9.97835058e-05\n",
      "     5.46029761e-01  1.66119353e+00]]]\n",
      "\n",
      "\n",
      " [[[ 2.29999999e+01  8.75001532e+00  2.69804344e-01 -2.49967992e+00\n",
      "     6.77187798e-02  2.49949441e+00]\n",
      "   [ 8.75001532e+00  7.50023630e+00  1.25158834e+02 -1.25085106e+00\n",
      "     1.25267918e+02  1.25012960e+00]\n",
      "   [ 2.69804344e-01  1.25158834e+02  2.16254376e+04 -1.31829641e+00\n",
      "     3.47455175e+01  6.98511130e-02]\n",
      "   [-2.49967992e+00 -1.25085106e+00 -1.31829641e+00  1.66439942e+00\n",
      "    -6.98499336e-02 -9.97835058e-05]\n",
      "   [ 6.77187798e-02  1.25267918e+02  3.47455175e+01 -6.98499336e-02\n",
      "     2.18059286e+04  5.46029761e-01]\n",
      "   [ 2.49949441e+00  1.25012960e+00  6.98511130e-02 -9.97835058e-05\n",
      "     5.46029761e-01  1.66119353e+00]]\n",
      "\n",
      "  [[ 2.29999999e+01  8.75001532e+00  2.69804344e-01 -2.49967992e+00\n",
      "     6.77187798e-02  2.49949441e+00]\n",
      "   [ 8.75001532e+00  7.50023630e+00  1.25158834e+02 -1.25085106e+00\n",
      "     1.25267918e+02  1.25012960e+00]\n",
      "   [ 2.69804344e-01  1.25158834e+02  2.16254376e+04 -1.31829641e+00\n",
      "     3.47455175e+01  6.98511130e-02]\n",
      "   [-2.49967992e+00 -1.25085106e+00 -1.31829641e+00  1.66439942e+00\n",
      "    -6.98499336e-02 -9.97835058e-05]\n",
      "   [ 6.77187798e-02  1.25267918e+02  3.47455175e+01 -6.98499336e-02\n",
      "     2.18059286e+04  5.46029761e-01]\n",
      "   [ 2.49949441e+00  1.25012960e+00  6.98511130e-02 -9.97835058e-05\n",
      "     5.46029761e-01  1.66119353e+00]]\n",
      "\n",
      "  [[ 2.29999999e+01  8.75001532e+00  2.69804344e-01 -2.49967992e+00\n",
      "     6.77187798e-02  2.49949441e+00]\n",
      "   [ 8.75001532e+00  7.50023630e+00  1.25158834e+02 -1.25085106e+00\n",
      "     1.25267918e+02  1.25012960e+00]\n",
      "   [ 2.69804344e-01  1.25158834e+02  2.16254376e+04 -1.31829641e+00\n",
      "     3.47455175e+01  6.98511130e-02]\n",
      "   [-2.49967992e+00 -1.25085106e+00 -1.31829641e+00  1.66439942e+00\n",
      "    -6.98499336e-02 -9.97835058e-05]\n",
      "   [ 6.77187798e-02  1.25267918e+02  3.47455175e+01 -6.98499336e-02\n",
      "     2.18059286e+04  5.46029761e-01]\n",
      "   [ 2.49949441e+00  1.25012960e+00  6.98511130e-02 -9.97835058e-05\n",
      "     5.46029761e-01  1.66119353e+00]]\n",
      "\n",
      "  ...\n",
      "\n",
      "  [[ 2.29999999e+01  8.75001532e+00  2.69804344e-01 -2.49967992e+00\n",
      "     6.77187798e-02  2.49949441e+00]\n",
      "   [ 8.75001532e+00  7.50023630e+00  1.25158834e+02 -1.25085106e+00\n",
      "     1.25267918e+02  1.25012960e+00]\n",
      "   [ 2.69804344e-01  1.25158834e+02  2.16254376e+04 -1.31829641e+00\n",
      "     3.47455175e+01  6.98511130e-02]\n",
      "   [-2.49967992e+00 -1.25085106e+00 -1.31829641e+00  1.66439942e+00\n",
      "    -6.98499336e-02 -9.97835058e-05]\n",
      "   [ 6.77187798e-02  1.25267918e+02  3.47455175e+01 -6.98499336e-02\n",
      "     2.18059286e+04  5.46029761e-01]\n",
      "   [ 2.49949441e+00  1.25012960e+00  6.98511130e-02 -9.97835058e-05\n",
      "     5.46029761e-01  1.66119353e+00]]\n",
      "\n",
      "  [[ 2.29999999e+01  8.75001532e+00  2.69804344e-01 -2.49967992e+00\n",
      "     6.77187798e-02  2.49949441e+00]\n",
      "   [ 8.75001532e+00  7.50023630e+00  1.25158834e+02 -1.25085106e+00\n",
      "     1.25267918e+02  1.25012960e+00]\n",
      "   [ 2.69804344e-01  1.25158834e+02  2.16254376e+04 -1.31829641e+00\n",
      "     3.47455175e+01  6.98511130e-02]\n",
      "   [-2.49967992e+00 -1.25085106e+00 -1.31829641e+00  1.66439942e+00\n",
      "    -6.98499336e-02 -9.97835058e-05]\n",
      "   [ 6.77187798e-02  1.25267918e+02  3.47455175e+01 -6.98499336e-02\n",
      "     2.18059286e+04  5.46029761e-01]\n",
      "   [ 2.49949441e+00  1.25012960e+00  6.98511130e-02 -9.97835058e-05\n",
      "     5.46029761e-01  1.66119353e+00]]\n",
      "\n",
      "  [[ 2.29999999e+01  8.75001532e+00  2.69804344e-01 -2.49967992e+00\n",
      "     6.77187798e-02  2.49949441e+00]\n",
      "   [ 8.75001532e+00  7.50023630e+00  1.25158834e+02 -1.25085106e+00\n",
      "     1.25267918e+02  1.25012960e+00]\n",
      "   [ 2.69804344e-01  1.25158834e+02  2.16254376e+04 -1.31829641e+00\n",
      "     3.47455175e+01  6.98511130e-02]\n",
      "   [-2.49967992e+00 -1.25085106e+00 -1.31829641e+00  1.66439942e+00\n",
      "    -6.98499336e-02 -9.97835058e-05]\n",
      "   [ 6.77187798e-02  1.25267918e+02  3.47455175e+01 -6.98499336e-02\n",
      "     2.18059286e+04  5.46029761e-01]\n",
      "   [ 2.49949441e+00  1.25012960e+00  6.98511130e-02 -9.97835058e-05\n",
      "     5.46029761e-01  1.66119353e+00]]]\n",
      "\n",
      "\n",
      " [[[ 2.29999999e+01  8.75001532e+00  2.69804344e-01 -2.49967992e+00\n",
      "     6.77187798e-02  2.49949441e+00]\n",
      "   [ 8.75001532e+00  7.50023630e+00  1.25158834e+02 -1.25085106e+00\n",
      "     1.25267918e+02  1.25012960e+00]\n",
      "   [ 2.69804344e-01  1.25158834e+02  2.16254376e+04 -1.31829641e+00\n",
      "     3.47455175e+01  6.98511130e-02]\n",
      "   [-2.49967992e+00 -1.25085106e+00 -1.31829641e+00  1.66439942e+00\n",
      "    -6.98499336e-02 -9.97835058e-05]\n",
      "   [ 6.77187798e-02  1.25267918e+02  3.47455175e+01 -6.98499336e-02\n",
      "     2.18059286e+04  5.46029761e-01]\n",
      "   [ 2.49949441e+00  1.25012960e+00  6.98511130e-02 -9.97835058e-05\n",
      "     5.46029761e-01  1.66119353e+00]]\n",
      "\n",
      "  [[ 2.29999999e+01  8.75001532e+00  2.69804344e-01 -2.49967992e+00\n",
      "     6.77187798e-02  2.49949441e+00]\n",
      "   [ 8.75001532e+00  7.50023630e+00  1.25158834e+02 -1.25085106e+00\n",
      "     1.25267918e+02  1.25012960e+00]\n",
      "   [ 2.69804344e-01  1.25158834e+02  2.16254376e+04 -1.31829641e+00\n",
      "     3.47455175e+01  6.98511130e-02]\n",
      "   [-2.49967992e+00 -1.25085106e+00 -1.31829641e+00  1.66439942e+00\n",
      "    -6.98499336e-02 -9.97835058e-05]\n",
      "   [ 6.77187798e-02  1.25267918e+02  3.47455175e+01 -6.98499336e-02\n",
      "     2.18059286e+04  5.46029761e-01]\n",
      "   [ 2.49949441e+00  1.25012960e+00  6.98511130e-02 -9.97835058e-05\n",
      "     5.46029761e-01  1.66119353e+00]]\n",
      "\n",
      "  [[ 2.29999999e+01  8.75001532e+00  2.69804344e-01 -2.49967992e+00\n",
      "     6.77187798e-02  2.49949441e+00]\n",
      "   [ 8.75001532e+00  7.50023630e+00  1.25158834e+02 -1.25085106e+00\n",
      "     1.25267918e+02  1.25012960e+00]\n",
      "   [ 2.69804344e-01  1.25158834e+02  2.16254376e+04 -1.31829641e+00\n",
      "     3.47455175e+01  6.98511130e-02]\n",
      "   [-2.49967992e+00 -1.25085106e+00 -1.31829641e+00  1.66439942e+00\n",
      "    -6.98499336e-02 -9.97835058e-05]\n",
      "   [ 6.77187798e-02  1.25267918e+02  3.47455175e+01 -6.98499336e-02\n",
      "     2.18059286e+04  5.46029761e-01]\n",
      "   [ 2.49949441e+00  1.25012960e+00  6.98511130e-02 -9.97835058e-05\n",
      "     5.46029761e-01  1.66119353e+00]]\n",
      "\n",
      "  ...\n",
      "\n",
      "  [[ 2.29999999e+01  8.75001532e+00  2.69804344e-01 -2.49967992e+00\n",
      "     6.77187798e-02  2.49949441e+00]\n",
      "   [ 8.75001532e+00  7.50023630e+00  1.25158834e+02 -1.25085106e+00\n",
      "     1.25267918e+02  1.25012960e+00]\n",
      "   [ 2.69804344e-01  1.25158834e+02  2.16254376e+04 -1.31829641e+00\n",
      "     3.47455175e+01  6.98511130e-02]\n",
      "   [-2.49967992e+00 -1.25085106e+00 -1.31829641e+00  1.66439942e+00\n",
      "    -6.98499336e-02 -9.97835058e-05]\n",
      "   [ 6.77187798e-02  1.25267918e+02  3.47455175e+01 -6.98499336e-02\n",
      "     2.18059286e+04  5.46029761e-01]\n",
      "   [ 2.49949441e+00  1.25012960e+00  6.98511130e-02 -9.97835058e-05\n",
      "     5.46029761e-01  1.66119353e+00]]\n",
      "\n",
      "  [[ 2.29999999e+01  8.75001532e+00  2.69804344e-01 -2.49967992e+00\n",
      "     6.77187798e-02  2.49949441e+00]\n",
      "   [ 8.75001532e+00  7.50023630e+00  1.25158834e+02 -1.25085106e+00\n",
      "     1.25267918e+02  1.25012960e+00]\n",
      "   [ 2.69804344e-01  1.25158834e+02  2.16254376e+04 -1.31829641e+00\n",
      "     3.47455175e+01  6.98511130e-02]\n",
      "   [-2.49967992e+00 -1.25085106e+00 -1.31829641e+00  1.66439942e+00\n",
      "    -6.98499336e-02 -9.97835058e-05]\n",
      "   [ 6.77187798e-02  1.25267918e+02  3.47455175e+01 -6.98499336e-02\n",
      "     2.18059286e+04  5.46029761e-01]\n",
      "   [ 2.49949441e+00  1.25012960e+00  6.98511130e-02 -9.97835058e-05\n",
      "     5.46029761e-01  1.66119353e+00]]\n",
      "\n",
      "  [[ 2.29999999e+01  8.75001532e+00  2.69804344e-01 -2.49967992e+00\n",
      "     6.77187798e-02  2.49949441e+00]\n",
      "   [ 8.75001532e+00  7.50023630e+00  1.25158834e+02 -1.25085106e+00\n",
      "     1.25267918e+02  1.25012960e+00]\n",
      "   [ 2.69804344e-01  1.25158834e+02  2.16254376e+04 -1.31829641e+00\n",
      "     3.47455175e+01  6.98511130e-02]\n",
      "   [-2.49967992e+00 -1.25085106e+00 -1.31829641e+00  1.66439942e+00\n",
      "    -6.98499336e-02 -9.97835058e-05]\n",
      "   [ 6.77187798e-02  1.25267918e+02  3.47455175e+01 -6.98499336e-02\n",
      "     2.18059286e+04  5.46029761e-01]\n",
      "   [ 2.49949441e+00  1.25012960e+00  6.98511130e-02 -9.97835058e-05\n",
      "     5.46029761e-01  1.66119353e+00]]]]\n"
     ]
    }
   ],
   "source": [
    "Jacobian=cal_Jacobian(xData,pData)\n",
    "print(Jacobian.shape)\n",
    "A=np.matmul(Jacobian.transpose(1,2,3,0),Jacobian.transpose(1,2,0,3))\n",
    "print(A.shape)\n",
    "print(A)"
   ]
  },
  {
